33 38.0
33 39.0
33 51.0
38 9.0
39 1.0
42 54.0
42 28.0
43 67.0
43 57.0
44 23.0
45 26.0
45 35.0
45 64.0
46 5.0
46 31.0
46 40.0
49 41.0
49 27.0
49 65.0
50 30.0
51 37.0
51 36.0
52 15.0
54 33.0
55 52.0
55 62.0
56 4.0
56 7.0
57 10.0
58 59.0
58 43.0
58 19.0
58 63.0
58 47.0
59 3.0
59 61.0
60 68.0
60 48.0
60 69.0
61 17.0
62 20.0
62 0.0
63 58.0
63 8.0
63 55.0
64 2.0
64 21.0
66 12.0
66 66.0
66 34.0
66 18.0
67 16.0
67 53.0
69 45.0
69 46.0
70 14.0
70 42.0
71 6.0
72 60.0
73 22.0
73 24.0
74 29.0
74 56.0
74 49.0
75 11.0
76 32.0
77 25.0
78 50.0
79 44.0
81 13.0
