33 37.0
38 4.0
38 117.0
39 160.0
40 109.0
43 137.0
44 159.0
45 170.0
45 142.0
45 163.0
45 7.0
46 45.0
46 33.0
47 156.0
47 71.0
47 115.0
47 92.0
47 103.0
48 149.0
48 38.0
48 124.0
48 94.0
48 131.0
49 2.0
49 141.0
49 8.0
49 168.0
50 5.0
50 6.0
50 147.0
50 17.0
50 143.0
50 145.0
50 121.0
50 151.0
50 51.0
50 58.0
50 85.0
50 44.0
51 125.0
51 80.0
51 104.0
51 98.0
51 29.0
51 30.0
51 40.0
51 128.0
52 36.0
52 84.0
52 169.0
52 22.0
52 155.0
52 146.0
52 91.0
52 50.0
52 150.0
52 76.0
52 129.0
52 148.0
52 127.0
52 67.0
52 78.0
52 108.0
52 75.0
53 100.0
53 158.0
53 106.0
53 107.0
53 122.0
53 116.0
53 11.0
53 41.0
53 10.0
53 1.0
53 24.0
53 13.0
53 157.0
54 95.0
54 74.0
54 136.0
54 66.0
54 34.0
54 19.0
54 53.0
54 90.0
54 102.0
54 152.0
54 165.0
54 162.0
54 26.0
55 134.0
55 61.0
55 133.0
55 139.0
55 113.0
55 56.0
55 55.0
56 65.0
56 111.0
56 110.0
56 154.0
57 96.0
57 126.0
57 16.0
57 52.0
57 112.0
57 70.0
57 28.0
57 54.0
57 82.0
57 69.0
57 105.0
58 43.0
58 153.0
58 77.0
59 15.0
59 47.0
59 20.0
59 144.0
59 48.0
59 119.0
59 140.0
60 27.0
60 9.0
61 118.0
61 123.0
62 68.0
62 18.0
62 120.0
62 164.0
62 21.0
62 42.0
63 172.0
63 12.0
63 14.0
63 60.0
63 31.0
63 49.0
64 72.0
64 83.0
64 132.0
65 3.0
65 35.0
65 161.0
66 114.0
66 93.0
67 63.0
67 79.0
67 97.0
67 59.0
67 167.0
67 87.0
67 166.0
67 88.0
68 135.0
68 138.0
69 57.0
69 73.0
69 99.0
70 101.0
70 62.0
71 23.0
72 89.0
72 46.0
72 25.0
73 39.0
73 86.0
73 130.0
75 0.0
75 171.0
76 32.0
76 81.0
77 64.0
