23 58.0
31 42.0
31 19.0
31 49.0
32 36.0
32 29.0
39 8.0
39 14.0
42 11.0
42 23.0
43 20.0
45 43.0
45 59.0
45 40.0
47 54.0
47 1.0
47 51.0
47 18.0
48 6.0
48 12.0
48 4.0
49 62.0
49 5.0
50 10.0
50 55.0
50 26.0
51 37.0
51 32.0
52 57.0
52 0.0
52 61.0
52 38.0
53 15.0
53 22.0
54 13.0
54 50.0
54 33.0
54 34.0
54 21.0
55 52.0
55 53.0
56 16.0
56 41.0
56 39.0
58 35.0
60 63.0
61 47.0
61 46.0
61 25.0
61 3.0
62 30.0
66 31.0
67 9.0
67 44.0
68 27.0
69 28.0
69 7.0
71 45.0
71 56.0
71 48.0
72 17.0
74 60.0
75 2.0
76 24.0
