41 65.0
43 12.0
44 34.0
46 46.0
46 38.0
48 75.0
48 22.0
48 45.0
48 43.0
49 24.0
49 13.0
50 41.0
50 50.0
50 28.0
50 8.0
50 57.0
50 35.0
51 19.0
52 16.0
53 53.0
53 68.0
53 3.0
53 21.0
54 60.0
54 39.0
54 18.0
55 9.0
55 55.0
55 29.0
56 1.0
56 58.0
56 54.0
56 66.0
56 6.0
57 5.0
58 25.0
58 17.0
58 27.0
58 40.0
58 51.0
59 44.0
59 47.0
59 20.0
59 62.0
59 48.0
59 2.0
59 52.0
59 49.0
59 78.0
60 36.0
60 76.0
60 56.0
60 67.0
60 74.0
60 69.0
60 70.0
61 31.0
62 73.0
62 61.0
63 15.0
64 10.0
64 71.0
65 42.0
68 64.0
68 0.0
68 11.0
69 23.0
69 7.0
70 26.0
72 37.0
72 33.0
74 14.0
76 77.0
76 4.0
77 30.0
77 59.0
80 63.0
80 32.0
82 72.0
