36 10.0
36 35.0
36 64.0
42 67.0
43 24.0
45 49.0
48 75.0
48 70.0
50 51.0
51 76.0
51 54.0
51 56.0
51 8.0
51 50.0
52 45.0
52 65.0
52 73.0
52 0.0
53 81.0
53 15.0
53 62.0
53 27.0
53 69.0
53 9.0
54 82.0
54 48.0
54 59.0
55 29.0
55 21.0
56 19.0
56 68.0
56 7.0
56 44.0
56 4.0
56 16.0
57 66.0
57 39.0
57 20.0
57 41.0
57 71.0
57 42.0
57 47.0
58 58.0
58 32.0
58 55.0
58 78.0
60 46.0
62 13.0
63 23.0
64 31.0
64 1.0
66 17.0
67 60.0
68 61.0
68 28.0
68 26.0
69 63.0
69 22.0
69 18.0
69 3.0
70 53.0
70 38.0
70 79.0
70 37.0
71 57.0
71 34.0
72 25.0
74 43.0
74 36.0
74 77.0
74 83.0
75 52.0
75 80.0
78 30.0
79 74.0
80 33.0
80 2.0
80 14.0
80 11.0
81 5.0
81 40.0
82 72.0
82 12.0
83 6.0
