27 119.0
35 104.0
36 48.0
37 57.0
37 39.0
39 113.0
39 16.0
41 125.0
41 97.0
42 13.0
42 103.0
42 77.0
42 105.0
43 71.0
44 11.0
44 89.0
44 85.0
45 27.0
45 0.0
46 96.0
46 5.0
46 123.0
46 31.0
46 41.0
48 111.0
48 17.0
48 101.0
48 95.0
49 4.0
49 50.0
49 33.0
49 65.0
49 91.0
50 88.0
50 46.0
50 63.0
51 29.0
52 116.0
52 82.0
53 75.0
54 84.0
54 92.0
54 45.0
54 35.0
54 87.0
54 15.0
55 36.0
55 51.0
55 32.0
55 61.0
55 70.0
56 19.0
56 6.0
56 9.0
56 44.0
57 106.0
57 10.0
57 79.0
57 58.0
57 59.0
57 114.0
57 34.0
57 72.0
58 69.0
58 93.0
58 107.0
58 81.0
58 74.0
58 99.0
59 73.0
59 109.0
59 42.0
59 12.0
60 53.0
60 49.0
60 1.0
60 26.0
60 62.0
60 127.0
61 122.0
61 117.0
61 112.0
61 7.0
61 90.0
61 126.0
61 37.0
62 2.0
62 24.0
62 40.0
62 76.0
62 102.0
62 129.0
62 78.0
63 22.0
63 25.0
63 38.0
63 67.0
63 21.0
64 28.0
64 94.0
64 118.0
64 130.0
64 83.0
64 43.0
65 124.0
65 98.0
65 54.0
66 8.0
66 52.0
66 55.0
66 80.0
66 110.0
66 86.0
67 20.0
67 66.0
67 18.0
67 56.0
67 3.0
69 121.0
69 47.0
70 64.0
70 100.0
70 60.0
70 30.0
70 115.0
71 120.0
72 14.0
72 68.0
73 23.0
74 128.0
78 108.0
