33 94.0
34 29.0
34 11.0
35 89.0
35 101.0
37 86.0
38 74.0
38 109.0
40 16.0
40 68.0
42 114.0
42 87.0
43 80.0
43 3.0
45 8.0
45 77.0
45 25.0
46 59.0
46 115.0
46 34.0
46 69.0
46 53.0
47 33.0
47 117.0
48 104.0
48 73.0
48 66.0
48 92.0
49 6.0
50 120.0
50 52.0
50 18.0
50 67.0
51 84.0
51 100.0
51 36.0
51 70.0
51 82.0
51 54.0
51 24.0
51 47.0
52 28.0
52 21.0
52 111.0
52 1.0
52 81.0
52 41.0
53 38.0
53 96.0
53 63.0
53 7.0
53 103.0
53 85.0
53 118.0
53 26.0
53 98.0
53 105.0
53 14.0
53 78.0
54 76.0
54 56.0
54 39.0
54 64.0
55 30.0
55 106.0
55 102.0
55 107.0
55 110.0
55 32.0
55 119.0
55 9.0
56 113.0
56 108.0
56 17.0
56 71.0
56 35.0
56 50.0
56 60.0
57 45.0
57 40.0
57 65.0
57 2.0
57 72.0
58 58.0
58 19.0
58 88.0
59 51.0
60 116.0
60 49.0
60 83.0
60 4.0
60 5.0
61 112.0
62 46.0
62 15.0
62 48.0
63 20.0
63 22.0
63 12.0
63 10.0
64 44.0
64 55.0
66 0.0
66 23.0
66 91.0
67 61.0
67 90.0
69 43.0
70 13.0
70 99.0
70 97.0
72 95.0
74 79.0
75 31.0
75 57.0
75 62.0
76 75.0
80 42.0
82 27.0
84 93.0
85 37.0
