26 31.0
29 8.0
32 51.0
34 6.0
35 25.0
35 15.0
36 9.0
38 48.0
38 29.0
39 47.0
39 18.0
40 12.0
41 35.0
41 52.0
41 5.0
41 39.0
41 46.0
42 34.0
42 20.0
42 0.0
42 13.0
42 7.0
42 19.0
42 61.0
43 53.0
43 56.0
43 24.0
44 4.0
44 37.0
44 1.0
44 40.0
44 23.0
45 33.0
45 43.0
45 63.0
45 49.0
45 2.0
45 59.0
46 54.0
46 38.0
46 58.0
46 41.0
46 10.0
47 22.0
47 50.0
47 16.0
48 28.0
48 14.0
48 62.0
48 36.0
49 64.0
49 32.0
50 30.0
50 57.0
51 17.0
52 45.0
53 3.0
54 44.0
55 60.0
55 21.0
62 11.0
64 27.0
65 26.0
69 55.0
69 42.0
