43 46.0
44 24.0
47 27.0
49 49.0
52 23.0
53 2.0
55 51.0
56 64.0
57 39.0
57 52.0
57 9.0
58 58.0
59 8.0
59 53.0
59 28.0
60 42.0
60 4.0
61 32.0
61 14.0
61 60.0
61 41.0
62 59.0
62 61.0
63 38.0
63 21.0
63 63.0
63 47.0
63 12.0
63 50.0
64 26.0
64 31.0
65 7.0
66 22.0
67 35.0
67 37.0
67 33.0
68 1.0
68 5.0
68 29.0
69 54.0
70 48.0
70 57.0
70 3.0
71 15.0
73 56.0
74 18.0
74 30.0
74 10.0
75 6.0
75 62.0
77 34.0
77 20.0
78 45.0
78 43.0
80 17.0
80 0.0
81 36.0
82 25.0
82 13.0
82 16.0
83 40.0
84 19.0
84 55.0
85 11.0
87 44.0
