33 78.0
35 71.0
35 6.0
36 69.0
39 59.0
39 8.0
39 47.0
43 64.0
43 5.0
44 41.0
45 90.0
45 70.0
46 46.0
46 52.0
46 97.0
46 48.0
47 13.0
47 16.0
48 83.0
48 23.0
48 24.0
49 50.0
50 10.0
50 15.0
50 55.0
51 74.0
51 66.0
51 39.0
52 76.0
52 75.0
52 68.0
52 7.0
52 53.0
53 84.0
53 33.0
53 60.0
53 14.0
53 89.0
53 32.0
54 56.0
54 43.0
54 61.0
54 22.0
54 73.0
54 19.0
55 93.0
55 17.0
55 63.0
55 98.0
55 31.0
55 34.0
55 91.0
56 49.0
56 27.0
57 58.0
57 9.0
57 11.0
57 40.0
57 100.0
58 51.0
58 85.0
58 25.0
59 88.0
59 28.0
59 36.0
59 26.0
59 86.0
60 4.0
60 82.0
61 37.0
61 21.0
61 12.0
61 95.0
61 94.0
62 0.0
62 35.0
62 45.0
62 44.0
64 92.0
64 20.0
64 96.0
64 29.0
64 1.0
65 62.0
66 18.0
67 3.0
68 42.0
69 87.0
69 57.0
73 79.0
73 67.0
74 38.0
74 80.0
75 54.0
75 2.0
75 77.0
76 99.0
76 81.0
81 72.0
83 65.0
83 30.0
