27 27.0
31 72.0
31 63.0
31 99.0
31 7.0
32 5.0
32 124.0
33 41.0
34 171.0
34 45.0
36 81.0
36 58.0
38 100.0
39 108.0
40 34.0
40 138.0
40 61.0
40 67.0
40 174.0
40 83.0
40 35.0
41 69.0
42 91.0
43 162.0
43 79.0
43 123.0
43 2.0
44 113.0
44 177.0
44 78.0
44 3.0
44 95.0
44 134.0
44 149.0
44 147.0
44 168.0
44 37.0
44 151.0
45 56.0
45 28.0
45 146.0
45 175.0
45 133.0
45 115.0
45 158.0
46 125.0
46 106.0
46 105.0
46 170.0
47 98.0
48 77.0
48 80.0
48 103.0
48 26.0
49 180.0
49 140.0
49 53.0
50 169.0
50 157.0
51 164.0
51 1.0
51 43.0
51 111.0
51 18.0
52 54.0
52 75.0
53 159.0
53 4.0
53 23.0
53 88.0
53 85.0
54 14.0
54 32.0
54 89.0
54 21.0
55 66.0
55 165.0
55 62.0
55 76.0
55 57.0
55 136.0
56 40.0
56 74.0
57 22.0
57 51.0
57 148.0
57 6.0
57 90.0
58 29.0
58 120.0
58 70.0
58 17.0
58 104.0
59 64.0
59 82.0
59 50.0
59 97.0
59 84.0
59 143.0
59 122.0
59 107.0
60 117.0
60 126.0
60 137.0
60 86.0
60 145.0
60 173.0
60 139.0
61 30.0
61 38.0
61 44.0
62 31.0
62 24.0
62 130.0
62 109.0
62 42.0
62 55.0
62 163.0
63 48.0
63 16.0
63 119.0
63 101.0
63 96.0
63 46.0
63 135.0
64 172.0
64 127.0
64 150.0
65 9.0
65 153.0
65 52.0
65 155.0
65 8.0
66 11.0
66 144.0
66 179.0
66 19.0
67 176.0
67 49.0
68 13.0
68 128.0
68 132.0
68 47.0
68 141.0
69 65.0
69 73.0
69 15.0
69 116.0
70 92.0
70 20.0
70 112.0
70 166.0
70 71.0
71 131.0
71 93.0
71 160.0
73 60.0
74 129.0
74 12.0
74 114.0
74 10.0
74 39.0
75 118.0
75 59.0
75 152.0
76 178.0
77 161.0
77 0.0
77 33.0
77 121.0
77 25.0
78 142.0
78 156.0
78 94.0
79 102.0
79 36.0
80 167.0
81 87.0
82 68.0
88 110.0
92 154.0
