35 37.0
37 172.0
40 69.0
40 22.0
41 146.0
42 130.0
42 134.0
42 110.0
44 88.0
44 15.0
44 28.0
44 20.0
44 38.0
44 181.0
45 34.0
45 178.0
46 135.0
46 21.0
46 11.0
46 139.0
46 122.0
46 30.0
46 93.0
46 191.0
47 48.0
47 113.0
47 144.0
48 179.0
48 138.0
48 156.0
48 106.0
49 97.0
49 182.0
49 36.0
49 121.0
49 161.0
49 159.0
49 86.0
49 83.0
49 75.0
49 167.0
49 136.0
49 157.0
49 14.0
49 39.0
49 192.0
50 173.0
50 190.0
50 151.0
50 155.0
50 168.0
50 33.0
50 51.0
50 180.0
50 68.0
50 160.0
50 52.0
50 109.0
50 101.0
51 32.0
51 99.0
51 153.0
51 120.0
51 23.0
51 25.0
51 175.0
51 82.0
51 100.0
51 84.0
52 26.0
52 137.0
52 116.0
52 8.0
52 65.0
52 187.0
52 54.0
52 62.0
52 108.0
53 133.0
53 117.0
53 64.0
53 149.0
53 60.0
53 70.0
53 92.0
53 189.0
54 91.0
54 119.0
54 98.0
54 73.0
54 194.0
54 81.0
54 49.0
54 124.0
55 85.0
55 40.0
55 35.0
55 152.0
55 184.0
55 171.0
55 170.0
55 177.0
56 66.0
56 77.0
56 13.0
56 87.0
56 112.0
56 61.0
56 16.0
56 126.0
56 96.0
56 143.0
56 19.0
57 67.0
57 56.0
57 164.0
57 74.0
57 125.0
57 71.0
57 127.0
57 132.0
57 43.0
57 103.0
58 141.0
58 4.0
58 89.0
58 1.0
58 50.0
59 31.0
59 114.0
59 46.0
59 158.0
59 53.0
59 163.0
59 169.0
59 186.0
59 76.0
59 183.0
59 147.0
60 42.0
60 72.0
60 18.0
60 115.0
61 59.0
61 5.0
61 63.0
61 80.0
61 90.0
61 45.0
61 41.0
61 162.0
61 150.0
61 107.0
62 129.0
63 58.0
63 148.0
63 128.0
64 10.0
64 123.0
65 94.0
65 154.0
65 12.0
66 174.0
66 131.0
66 78.0
66 79.0
67 2.0
67 142.0
68 102.0
68 44.0
68 57.0
68 140.0
69 29.0
69 55.0
69 6.0
70 9.0
70 105.0
70 188.0
70 111.0
71 145.0
71 17.0
71 185.0
72 166.0
72 95.0
72 0.0
73 47.0
73 104.0
73 7.0
74 176.0
76 165.0
78 24.0
78 193.0
80 27.0
83 118.0
84 3.0
