23 74.0
24 38.0
27 30.0
27 67.0
27 39.0
30 12.0
31 9.0
32 65.0
32 1.0
33 27.0
33 3.0
36 28.0
36 76.0
37 72.0
38 75.0
39 36.0
40 55.0
40 4.0
41 51.0
41 33.0
43 11.0
45 19.0
47 13.0
48 15.0
48 62.0
48 59.0
48 73.0
49 6.0
49 40.0
49 22.0
49 46.0
49 71.0
51 25.0
51 61.0
51 68.0
52 49.0
53 45.0
53 8.0
54 50.0
54 37.0
55 2.0
55 17.0
55 43.0
55 35.0
56 53.0
56 66.0
56 57.0
56 48.0
57 7.0
57 60.0
57 52.0
58 18.0
59 26.0
59 0.0
59 77.0
59 32.0
59 70.0
60 16.0
61 10.0
61 63.0
61 56.0
62 5.0
62 41.0
63 78.0
63 69.0
63 24.0
63 64.0
63 47.0
64 14.0
66 44.0
67 21.0
67 29.0
67 54.0
67 23.0
67 58.0
68 31.0
68 34.0
69 42.0
73 20.0
