41 26.0
42 36.0
43 69.0
43 43.0
44 53.0
44 40.0
44 45.0
44 66.0
45 17.0
45 2.0
45 65.0
45 57.0
45 22.0
45 60.0
45 54.0
45 10.0
45 51.0
46 25.0
46 32.0
46 16.0
46 12.0
46 41.0
47 15.0
47 34.0
47 19.0
47 72.0
47 24.0
47 71.0
47 47.0
47 13.0
47 49.0
48 11.0
48 63.0
48 48.0
48 44.0
49 58.0
49 50.0
49 62.0
49 3.0
50 8.0
51 61.0
51 70.0
51 14.0
51 55.0
51 27.0
52 38.0
52 64.0
52 37.0
52 52.0
52 0.0
53 23.0
53 18.0
53 6.0
53 20.0
53 31.0
53 29.0
53 42.0
53 4.0
54 59.0
54 68.0
54 5.0
54 39.0
55 56.0
55 33.0
55 67.0
55 28.0
56 46.0
56 30.0
56 9.0
57 35.0
58 7.0
62 21.0
72 1.0
