29 72.0
35 7.0
37 19.0
40 73.0
42 15.0
42 10.0
42 79.0
44 53.0
44 8.0
45 52.0
45 9.0
45 35.0
45 65.0
46 17.0
46 43.0
47 66.0
48 71.0
48 18.0
48 28.0
48 75.0
49 69.0
49 78.0
50 20.0
50 34.0
51 32.0
51 56.0
51 1.0
52 77.0
52 48.0
53 42.0
53 63.0
53 50.0
53 74.0
54 76.0
55 11.0
55 67.0
55 60.0
59 64.0
59 46.0
59 33.0
59 58.0
59 4.0
60 83.0
60 81.0
60 80.0
61 23.0
62 14.0
62 39.0
62 36.0
63 27.0
63 82.0
63 57.0
64 59.0
64 3.0
64 37.0
64 70.0
64 0.0
65 45.0
65 26.0
65 16.0
65 62.0
66 51.0
67 29.0
68 40.0
68 21.0
70 22.0
70 12.0
71 30.0
72 24.0
72 38.0
72 44.0
72 13.0
72 84.0
73 41.0
73 5.0
73 31.0
73 49.0
75 55.0
75 68.0
76 47.0
76 54.0
76 2.0
77 6.0
78 25.0
80 61.0
